2,25,0.5,16431,0.17,7,272,54957,0.37,13,274
2,25,0.5,6302,0.12333333333333334,6,49,49600,0.38,14,19
2,25,0.5,4938,0.10666666666666667,6,96,
2,25,0.5,4703,0.11666666666666667,6,20,
2,25,0.5,9784,0.14333333333333334,8,14,
2,25,0.5,9510,0.13666666666666666,5,8,
2,25,0.5,3981,0.11666666666666667,5,8,
2,25,0.5,8162,0.11666666666666667,6,11,
2,25,0.5,5772,0.12666666666666668,7,8,
2,25,0.5,7292,0.13666666666666666,7,6,
2,25,0.5,13026,0.15333333333333332,6,6,
2,25,0.5,7840,0.14,6,8,
2,25,0.5,5851,0.12666666666666668,7,7,
2,25,0.5,11400,0.16,9,8,
2,25,0.5,7108,0.13,7,9,
2,25,0.5,8259,0.13666666666666666,6,6,
2,25,0.5,6462,0.12333333333333334,6,6,
2,25,0.5,7442,0.12,5,125,48450,0.39,12,45
2,25,0.5,8001,0.14333333333333334,7,62,33834,0.33,13,29
2,25,0.5,5884,0.13,5,137,53479,0.4066666666666667,15,51
2,25,0.5,11444,0.16,6,101,44884,0.37,14,32
2,25,0.5,6087,0.12,6,14,39676,0.3433333333333333,13,8
2,25,0.5,5314,0.12,6,16,44568,0.38,15,10
2,25,0.5,8460,0.15666666666666668,6,10,41598,0.36,13,5
2,25,0.5,8490,0.14,6,7,43825,0.3433333333333333,12,5
2,25,0.5,5577,0.11,5,7,37110,0.35,14,5
2,25,0.5,10033,0.13666666666666666,6,9,48262,0.37666666666666665,14,6
2,25,0.5,6960,0.12666666666666668,5,10,45925,0.37,13,5
2,25,0.5,7375,0.14,6,9,38184,0.3433333333333333,12,6
2,25,0.5,7524,0.13666666666666666,6,8,44614,0.37666666666666665,15,6
2,25,0.5,7140,0.13,8,7,40885,0.37333333333333335,13,7
2,25,0.5,10263,0.13333333333333333,6,6,53246,0.38333333333333336,13,5
2,25,0.5,6685,0.13,6,7,44110,0.36,12,5
2,25,0.5,5239,0.11333333333333333,5,5,38436,0.3333333333333333,12,4
2,25,0.5,8420,0.12333333333333334,8,6,59297,0.4,12,5
2,25,0.5,6837,0.12333333333333334,5,10,40477,0.3333333333333333,11,7
2,25,0.5,12858,0.15,7,7,47240,0.38333333333333336,15,5
2,25,0.5,3592,0.11,6,6,41429,0.36,13,5
2,25,0.5,6423,0.12,5,7,43593,0.36666666666666664,13,5
2,25,0.5,3715,0.1,7,8,47180,0.37333333333333335,13,5
2,25,0.5,4679,0.12333333333333334,6,7,40791,0.36333333333333334,11,5
2,25,0.5,7633,0.12666666666666668,7,6,46451,0.37,14,5
2,25,0.5,5930,0.11666666666666667,5,6,29452,0.32,12,5
2,25,0.5,15127,0.17666666666666667,8,10,50306,0.36666666666666664,13,4
2,25,0.5,6665,0.12666666666666668,6,6,40024,0.3466666666666667,15,5
2,25,0.5,5133,0.11666666666666667,5,6,40227,0.36666666666666664,13,6
2,25,0.5,9554,0.14333333333333334,7,6,40708,0.35333333333333333,16,7
2,25,0.5,7223,0.14,6,6,42003,0.36333333333333334,13,5
2,25,0.5,7128,0.12333333333333334,6,6,40126,0.3466666666666667,13,6
2,25,0.5,10271,0.15333333333333332,8,7,50720,0.3933333333333333,13,7
2,25,0.5,8348,0.13666666666666666,5,7,39081,0.36333333333333334,13,6
2,25,0.5,6572,0.12,7,4,44821,0.35,14,4
2,25,0.5,10660,0.13333333333333333,6,6,49545,0.37666666666666665,13,6
2,25,0.5,7419,0.14333333333333334,6,7,41987,0.35333333333333333,12,6
2,25,0.5,6563,0.13666666666666666,6,8,46558,0.39,14,5
